BBBBB...........
BBBBB...........
BBBB............
BBB.............
BB..............
................
................
................
................
................
................
..............WW
.............WWW
............WWWW
...........WWWWW
...........WWWWW

1 BLACK
J 2,0 4,2

1 WHITE
J 13,13 11,13

2 BLACK
J 1,2 3,4

2 WHITE
E 14,13 13,13

3 BLACK
J 0,2 2,4
J 2,4 4,4

3 WHITE
J 14,11 14,13
J 14,13 12,11

4 BLACK
J 1,1 3,3
J 3,3 5,5

4 WHITE
E 15,13 14,13

5 BLACK
J 2,1 4,3
J 4,3 4,5
J 4,5 6,5

5 WHITE
J 15,11 15,13
J 15,13 13,11
J 13,11 11,11

6 BLACK
J 0,3 2,5
J 2,5 4,3
J 4,3 4,5

6 WHITE
E 11,14 10,14

7 BLACK
J 0,0 0,2
J 0,2 2,4

7 WHITE
J 14,12 12,12
J 12,12 12,10

8 BLACK
J 1,3 3,5

8 WHITE
J 13,14 11,14
J 11,14 9,14

9 BLACK
J 3,1 5,3

9 WHITE
J 15,12 13,14
J 13,14 11,12
J 11,12 11,10

10 BLACK
J 3,0 5,2
J 5,2 5,4
J 5,4 7,6

10 WHITE
J 13,12 11,14
J 11,14 11,12
J 11,12 13,10

11 BLACK
J 3,2 5,2
J 5,2 5,4
J 5,4 5,6
J 5,6 7,4

11 WHITE
J 12,15 10,15
J 10,15 10,13
J 10,13 8,15

12 BLACK
J 4,1 4,3
J 4,3 6,3
J 6,3 8,5
J 8,5 6,7

12 WHITE
E 13,15 12,15

13 BLACK
J 1,4 3,2
J 3,2 5,2
J 5,2 5,4
J 5,4 5,6
J 5,6 7,8

13 WHITE
J 15,14 13,14
J 13,14 15,12

14 BLACK
J 2,3 2,5
J 2,5 4,3
J 4,3 6,3
J 6,3 8,5

14 WHITE
J 15,12 13,14
J 13,14 11,12

15 BLACK
E 0,4 1,5

15 WHITE
J 12,15 10,15
J 10,15 8,13

16 BLACK
E 4,0 5,1

16 WHITE
E 12,14 11,14

17 BLACK
E 0,1 1,2

17 WHITE
J 12,13 10,13

18 BLACK
J 1,2 3,2
J 3,2 5,2
J 5,2 5,4
J 5,4 5,6

18 WHITE
E 13,13 12,13

19 BLACK
E 1,0 2,1

19 WHITE
E 11,15 10,15

20 BLACK
J 2,1 2,3
J 2,3 2,5
J 2,5 4,3
J 4,3 6,3

20 WHITE
E 14,15 13,15

21 BLACK
E 2,2 3,3

21 WHITE
E 14,14 13,14

22 BLACK
J 2,4 4,6
J 4,6 6,6
J 6,6 6,8
J 6,8 8,8

22 WHITE
E 13,15 12,15

23 BLACK
J 5,3 7,3
J 7,3 7,5
J 7,5 7,7
J 7,7 9,9

23 WHITE
E 15,15 14,15

24 BLACK
J 8,8 10,10
J 10,10 12,12
J 12,12 12,14
J 12,14 14,14

24 WHITE
E 13,14 12,14

25 BLACK
J 4,2 2,4
J 2,4 4,6
J 4,6 6,6
J 6,6 6,8
J 6,8 8,8
J 8,8 10,10
J 10,10 12,12

25 WHITE
E 14,15 13,15

26 BLACK
J 4,4 6,6
J 6,6 6,8
J 6,8 8,8
J 8,8 10,10

26 WHITE
J 13,15 11,15
J 11,15 9,13

27 BLACK
J 6,7 8,9
J 8,9 10,9
J 10,9 10,11

27 WHITE
E 12,15 11,15

28 BLACK
J 4,5 6,7
J 6,7 8,9
J 8,9 10,9

28 WHITE
J 11,15 9,15
J 9,15 7,15

29 BLACK
J 5,5 7,5
J 7,5 7,7
J 7,7 7,9

29 WHITE
E 14,13 13,13

30 BLACK
J 6,5 8,7
J 8,7 6,9
J 6,9 8,9

30 WHITE
E 13,13 13,12

31 BLACK
J 9,9 11,9
J 11,9 13,11
J 13,11 13,13
J 13,13 15,15

31 WHITE
E 13,12 13,11

32 BLACK
J 10,11 12,9
J 12,9 14,11

32 WHITE
J 12,13 10,11

33 BLACK
J 7,4 9,6

33 WHITE
E 12,14 12,13

34 BLACK
J 10,10 10,12
J 10,12 12,14

34 WHITE
J 11,14 9,12

35 BLACK
E 12,12 13,13

35 WHITE
E 12,13 12,12

36 BLACK
J 7,9 9,9
J 9,9 11,9

36 WHITE
J 12,10 10,12
J 10,12 8,14

37 BLACK
E 12,14 13,15

37 WHITE
J 13,10 13,12
J 13,12 15,10

38 BLACK
E 6,3 7,4

38 WHITE
J 9,12 7,14

39 BLACK
J 7,8 9,10
J 9,10 11,8

39 WHITE
J 15,10 13,12
J 13,12 13,10

40 BLACK
J 8,5 10,7
J 10,7 12,9

40 WHITE
J 11,10 13,12
J 13,12 15,10

41 BLACK
J 11,8 11,10
J 11,10 13,12
J 13,12 13,14
J 13,14 15,14

41 WHITE
J 11,13 9,15

42 BLACK
E 10,9 11,10

42 WHITE
J 11,11 11,13

43 BLACK
J 11,10 13,12
J 13,12 13,14

43 WHITE
J 11,12 11,14
J 11,14 9,12

44 BLACK
E 8,9 9,10

44 WHITE
J 15,10 13,12
J 13,12 11,10
J 11,10 11,8

45 BLACK
J 9,10 11,12
J 11,12 13,12
J 13,12 15,10

45 WHITE
J 13,10 13,12
J 13,12 11,10
J 11,10 13,8

46 BLACK
E 11,9 12,8

46 WHITE
J 13,8 11,10
J 11,10 13,12
J 13,12 13,10

47 BLACK
J 12,8 12,10
J 12,10 14,12

47 WHITE
J 8,13 6,15

48 BLACK
J 14,11 14,13
J 14,13 14,15

48 WHITE
J 10,11 8,13

49 BLACK
J 12,9 14,11

49 WHITE
J 9,12 11,14
J 11,14 11,12
J 11,12 13,12
J 13,12 11,10

50 BLACK
E 1,5 2,6

50 WHITE
J 13,10 11,12

51 BLACK
E 7,4 8,5

51 WHITE
J 11,10 13,12
J 13,12 13,10

52 BLACK
J 2,6 4,4
J 4,4 2,4
J 2,4 4,6
J 4,6 6,6
J 6,6 8,6
J 8,6 10,6

52 WHITE
J 11,12 11,14
J 11,14 9,12

53 BLACK
J 8,5 10,7

53 WHITE
J 13,10 13,12
J 13,12 11,10

54 BLACK
E 10,6 11,7

54 WHITE
J 11,10 13,12
J 13,12 13,10

55 BLACK
J 15,10 13,12
J 13,12 15,12

55 WHITE
J 9,12 11,14
J 11,14 11,12

56 BLACK
J 13,13 15,11
J 15,11 15,13

56 WHITE
J 11,12 11,14
J 11,14 9,12

57 BLACK
E 3,4 4,5

57 WHITE
J 13,10 13,12
J 13,12 11,10

58 BLACK
J 11,7 11,9
J 11,9 11,11

58 WHITE
J 9,12 11,14
J 11,14 11,12

59 BLACK
J 3,5 5,5
J 5,5 5,7

59 WHITE
J 11,10 13,12
J 13,12 15,10

60 BLACK
J 4,5 6,7
J 6,7 4,7
J 4,7 6,5
J 6,5 8,7

60 WHITE
J 15,10 13,12
J 13,12 11,10

61 BLACK
J 10,7 12,9
J 12,9 10,11

61 WHITE
J 11,10 13,12
J 13,12 13,10

62 BLACK
J 7,6 9,8

62 WHITE
J 13,10 13,12
J 13,12 11,10
J 11,10 9,12

63 BLACK
J 11,11 13,13
J 13,13 15,11

63 WHITE
E 11,8 12,9

64 BLACK
J 10,11 12,13

64 WHITE
J 9,12 11,14
J 11,14 13,12
J 13,12 11,10

65 BLACK
E 5,6 6,7

65 WHITE
J 11,10 13,12
J 13,12 13,10
J 13,10 11,8

66 BLACK
J 8,7 10,9
J 10,9 12,7

66 WHITE
J 11,12 11,14
J 11,14 9,12

67 BLACK
E 9,6 10,7

67 WHITE
J 12,12 12,14
J 12,14 10,12
J 10,12 8,12

68 BLACK
J 9,8 11,6
J 11,6 13,8
J 13,8 11,10
J 11,10 13,12
J 13,12 11,14

68 WHITE
J 11,8 13,10
J 13,10 11,12

69 BLACK
E 10,7 11,8

69 WHITE
E 12,9 12,10

70 BLACK
E 11,8 11,9

70 WHITE
J 12,10 12,12
J 12,12 14,10

71 BLACK
E 11,9 12,10

71 WHITE
J 14,10 12,12
J 12,12 10,12

72 BLACK
J 12,10 12,12
J 12,12 12,14

72 WHITE
E 13,11 12,12

73 BLACK
J 12,13 12,15

73 WHITE
J 12,11 12,13
J 12,13 10,11

74 BLACK
E 3,3 4,4

74 WHITE
J 10,11 12,13
J 12,13 12,11

75 BLACK
E 5,7 6,8

75 WHITE
J 12,11 12,13
J 12,13 10,11

76 BLACK
J 6,7 6,9

76 WHITE
J 10,11 12,13
J 12,13 12,11

77 BLACK
E 6,8 7,9

77 WHITE
J 12,11 12,13
J 12,13 10,11

78 BLACK
E 5,1 6,2

78 WHITE
J 10,11 12,13
J 12,13 12,11

79 BLACK
J 14,11 14,13

79 WHITE
J 12,11 12,13
J 12,13 10,11

80 BLACK
E 12,7 13,8

80 WHITE
J 10,11 12,13
J 12,13 12,11

81 BLACK
J 6,9 8,9

81 WHITE
J 12,11 12,13
J 12,13 10,11

82 BLACK
E 8,9 9,8

82 WHITE
J 10,11 12,13
J 12,13 12,11

83 BLACK
E 4,4 5,5

83 WHITE
J 12,11 12,13
J 12,13 10,11

84 BLACK
E 9,8 10,9

84 WHITE
J 10,11 12,13
J 12,13 12,11

85 BLACK
E 10,9 11,10

85 WHITE
J 12,11 12,13
J 12,13 10,11

86 BLACK
E 11,10 12,11

86 WHITE
E 8,12 7,13

87 BLACK
E 12,11 13,12

87 WHITE
J 10,11 12,13
J 12,13 12,11

88 BLACK
E 6,2 7,3

88 WHITE
J 12,11 12,13
J 12,13 10,11

89 BLACK
E 13,8 14,9

89 WHITE
J 10,11 12,13
J 12,13 12,11

90 BLACK
E 7,3 8,4

90 WHITE
J 12,11 12,13
J 12,13 10,11

91 BLACK
E 5,5 6,6

91 WHITE
J 10,11 12,13
J 12,13 12,11

92 BLACK
E 6,6 7,7

92 WHITE
J 12,11 12,13
J 12,13 10,11

93 BLACK
E 8,4 9,5

93 WHITE
J 9,13 11,15
J 11,15 13,13
J 13,13 13,11

94 BLACK
E 9,5 10,6

94 WHITE
J 13,11 13,13
J 13,13 11,11
J 11,11 9,11

95 BLACK
E 7,9 8,8

95 WHITE
J 9,11 9,13

96 BLACK
E 10,6 11,7

96 WHITE
J 10,11 12,13
J 12,13 12,11

97 BLACK
J 7,7 9,9

97 WHITE
J 12,11 12,13
J 12,13 10,11

98 BLACK
J 8,8 10,10

98 WHITE
J 10,11 12,13
J 12,13 12,11

99 BLACK
J 9,9 11,11
J 11,11 13,13
J 13,13 11,15

99 WHITE
J 12,11 12,13
J 12,13 10,11

100 BLACK
E 10,10 11,11

100 WHITE
E 7,13 6,14

101 BLACK
J 11,11 13,13

101 WHITE
J 10,11 12,13
J 12,13 12,11

102 BLACK
E 14,9 15,10

102 WHITE
J 12,11 12,13
J 12,13 10,11

103 BLACK
E 11,7 12,8

103 WHITE
J 10,11 12,13
J 12,13 12,11

104 BLACK
E 12,8 13,9

104 WHITE
J 12,11 12,13
J 12,13 10,11

105 BLACK
E 13,9 14,10

105 WHITE
J 10,11 12,13
J 12,13 14,11
J 14,11 14,9

106 BLACK
E 14,10 14,11

106 WHITE
E 14,9 13,10

107 BLACK
J 14,11 12,13

107 WHITE
E 13,10 13,11

108 BLACK
E 15,10 14,11
